Keyboard effort
------------------------------------------------------------
k1                      1.567 16.2  16.2
k1,k2                   2.551 10.2  26.4
k1,k2,k3                2.944  4.1  30.5
k1,k2,k3,w(h)           2.944  0.0  30.5
k1,k2,k3,w(h,r)         4.260 13.6  44.1
k1,k2,k3,w(h,r,f)       6.383 22.0  66.0
k1,k2,k3,w(h,r,f),k4    9.666 34.0 100.0

keyboard row frequency
------------------------------------------------------------
1                     1109211 50.8  50.8
2                      761117 34.9  85.7
3                      311463 14.3 100.0

#data row_data=>[qw(1 2 3)],
#data row_frequency=>[0.508,0.349,0.143],
#data row_cumulative=>[0.508,0.857,1.000],

keyboard hand frequency
------------------------------------------------------------
0                     1249333 57.3  57.3
1                      932458 42.7 100.0

#data hand_data=>[qw(0 1)],
#data hand_frequency=>[0.573,0.427],
#data hand_cumulative=>[0.573,1.000],

keyboard finger frequency
------------------------------------------------------------
0                      185503  8.5   8.5
1                      193370  8.9  17.4
2                      407837 18.7  36.1
3                      462623 21.2  57.3
6                      464469 21.3  78.6
7                      173269  7.9  86.5
8                      260831 12.0  98.4
9                       33889  1.6 100.0

#data finger_data=>[qw(0 1 2 3 6 7 8 9)],
#data finger_frequency=>[0.085,0.089,0.187,0.212,0.213,0.079,0.120,0.016],
#data finger_cumulative=>[0.085,0.174,0.361,0.573,0.786,0.865,0.984,1.000],

keyboard left hand run length
------------------------------------------------------------
1                      250646 42.8  42.8
2                      157844 26.9  69.7
3                       80634 13.8  83.4
4                       44981  7.7  91.1
5                       23805  4.1  95.2
6                       13546  2.3  97.5
7                        7257  1.2  98.7
8                        3634  0.6  99.3
9                        1814  0.3  99.6
10                        976  0.2  99.8
11                        509  0.1  99.9
12                        295  0.1  99.9
13                        181  0.0 100.0
14                         74  0.0 100.0
15                         46  0.0 100.0
16                         32  0.0 100.0
17                          9  0.0 100.0
18                         12  0.0 100.0
19                          4  0.0 100.0
20                          2  0.0 100.0
21                          1  0.0 100.0
22                          1  0.0 100.0

#data left_hand_run_data=>[qw(1 2 3 4 5 6 7 8 9 10 11 12 13 14 15 16 17 18 19 20 21 22)],
#data left_hand_run_frequency=>[0.428,0.269,0.138,0.077,0.041,0.023,0.012,0.006,0.003,0.002,0.001,0.001,0.000,0.000,0.000,0.000,0.000,0.000,0.000,0.000,0.000,0.000],
#data left_hand_run_cumulative=>[0.428,0.697,0.834,0.911,0.952,0.975,0.987,0.993,0.996,0.998,0.999,0.999,1.000,1.000,1.000,1.000,1.000,1.000,1.000,1.000,1.000,1.000],

keyboard right hand run length
------------------------------------------------------------
1                      354806 60.5  60.5
2                      131558 22.4  83.0
3                       64971 11.1  94.0
4                       21735  3.7  97.7
5                        7937  1.4  99.1
6                        3384  0.6  99.7
7                        1203  0.2  99.9
8                         405  0.1  99.9
9                         191  0.0 100.0
10                         62  0.0 100.0
11                         35  0.0 100.0
12                         10  0.0 100.0
13                          3  0.0 100.0
14                          2  0.0 100.0
16                          1  0.0 100.0
22                          1  0.0 100.0

#data right_hand_run_data=>[qw(1 2 3 4 5 6 7 8 9 10 11 12 13 14 16 22)],
#data right_hand_run_frequency=>[0.605,0.224,0.111,0.037,0.014,0.006,0.002,0.001,0.000,0.000,0.000,0.000,0.000,0.000,0.000,0.000],
#data right_hand_run_cumulative=>[0.605,0.830,0.940,0.977,0.991,0.997,0.999,0.999,1.000,1.000,1.000,1.000,1.000,1.000,1.000,1.000],

keyboard hand run length
------------------------------------------------------------
1                      605452 51.6  51.6
2                      289402 24.7  76.3
3                      145605 12.4  88.7
4                       66716  5.7  94.4
5                       31742  2.7  97.1
6                       16930  1.4  98.6
7                        8460  0.7  99.3
8                        4039  0.3  99.6
9                        2005  0.2  99.8
10                       1038  0.1  99.9
11                        544  0.0  99.9
12                        305  0.0 100.0
13                        184  0.0 100.0
14                         76  0.0 100.0
15                         46  0.0 100.0
16                         33  0.0 100.0
17                          9  0.0 100.0
18                         12  0.0 100.0
19                          4  0.0 100.0
20                          2  0.0 100.0
21                          1  0.0 100.0
22                          2  0.0 100.0

#data all_hand_run_data=>[qw(1 2 3 4 5 6 7 8 9 10 11 12 13 14 15 16 17 18 19 20 21 22)],
#data all_hand_run_frequency=>[0.516,0.247,0.124,0.057,0.027,0.014,0.007,0.003,0.002,0.001,0.000,0.000,0.000,0.000,0.000,0.000,0.000,0.000,0.000,0.000,0.000,0.000],
#data all_hand_run_cumulative=>[0.516,0.763,0.887,0.944,0.971,0.986,0.993,0.996,0.998,0.999,0.999,1.000,1.000,1.000,1.000,1.000,1.000,1.000,1.000,1.000,1.000,1.000],

keyboard top row run length
------------------------------------------------------------
1                      343641 54.7  54.7
2                      146652 23.3  78.0
3                       77066 12.3  90.3
4                       34854  5.5  95.8
5                       14842  2.4  98.2
6                        6475  1.0  99.2
7                        2684  0.4  99.6
8                        1309  0.2  99.8
9                         582  0.1  99.9
10                        276  0.0 100.0
11                        136  0.0 100.0
12                         55  0.0 100.0
13                         24  0.0 100.0
14                         13  0.0 100.0
15                         10  0.0 100.0
17                          2  0.0 100.0

#data t_row_run_data=>[qw(1 2 3 4 5 6 7 8 9 10 11 12 13 14 15 17)],
#data t_row_run_frequency=>[0.547,0.233,0.123,0.055,0.024,0.010,0.004,0.002,0.001,0.000,0.000,0.000,0.000,0.000,0.000,0.000],
#data t_row_run_cumulative=>[0.547,0.780,0.903,0.958,0.982,0.992,0.996,0.998,0.999,1.000,1.000,1.000,1.000,1.000,1.000,1.000],

keyboard home row run length
------------------------------------------------------------
1                      364338 66.8  66.8
2                      131932 24.2  91.0
3                       34117  6.3  97.3
4                       10293  1.9  99.2
5                        3103  0.6  99.8
6                         954  0.2  99.9
7                         268  0.0 100.0
8                          63  0.0 100.0
9                          31  0.0 100.0
10                          5  0.0 100.0
11                          2  0.0 100.0

#data h_row_run_data=>[qw(1 2 3 4 5 6 7 8 9 10 11)],
#data h_row_run_frequency=>[0.668,0.242,0.063,0.019,0.006,0.002,0.000,0.000,0.000,0.000,0.000],
#data h_row_run_cumulative=>[0.668,0.910,0.973,0.992,0.998,0.999,1.000,1.000,1.000,1.000,1.000],

keyboard bottom row run length
------------------------------------------------------------
1                      294386 94.8  94.8
2                       16036  5.2 100.0
3                          52  0.0 100.0
4                           5  0.0 100.0
10                          1  0.0 100.0

#data b_row_run_data=>[qw(1 2 3 4 10)],
#data b_row_run_frequency=>[0.948,0.052,0.000,0.000,0.000],
#data b_row_run_cumulative=>[0.948,1.000,1.000,1.000,1.000],

keyboard all row run length
------------------------------------------------------------
1                     1002365 67.5  67.5
2                      294620 19.9  87.4
3                      111235  7.5  94.9
4                       45152  3.0  97.9
5                       17945  1.2  99.1
6                        7429  0.5  99.6
7                        2952  0.2  99.8
8                        1372  0.1  99.9
9                         613  0.0 100.0
10                        282  0.0 100.0
11                        138  0.0 100.0
12                         55  0.0 100.0
13                         24  0.0 100.0
14                         13  0.0 100.0
15                         10  0.0 100.0
17                          2  0.0 100.0

#data all_row_run_data=>[qw(1 2 3 4 5 6 7 8 9 10 11 12 13 14 15 17)],
#data all_row_run_frequency=>[0.675,0.199,0.075,0.030,0.012,0.005,0.002,0.001,0.000,0.000,0.000,0.000,0.000,0.000,0.000,0.000],
#data all_row_run_cumulative=>[0.675,0.874,0.949,0.979,0.991,0.996,0.998,0.999,1.000,1.000,1.000,1.000,1.000,1.000,1.000,1.000],

keyboard finger run length
------------------------------------------------------------
1                     1809353 88.9  88.9
2                      207321 10.2  99.1
3                       16994  0.8  99.9
4                        1716  0.1 100.0
5                         164  0.0 100.0
6                          34  0.0 100.0
7                          24  0.0 100.0
8                           1  0.0 100.0
9                           1  0.0 100.0

#data finger_run_data=>[qw(1 2 3 4 5 6 7 8 9)],
#data finger_run_frequency=>[0.889,0.102,0.008,0.001,0.000,0.000,0.000,0.000,0.000],
#data finger_run_cumulative=>[0.889,0.991,0.999,1.000,1.000,1.000,1.000,1.000,1.000],

keyboard same-hand row jump length
------------------------------------------------------------
1                     1087877 68.7  68.7
2                      245692 15.5  84.2
3                      155060  9.8  94.0
4                       42592  2.7  96.7
5                       34777  2.2  98.9
6                        8246  0.5  99.4
7                        5747  0.4  99.8
8                        1812  0.1  99.9
9                         846  0.1 100.0
10                        187  0.0 100.0
11                        158  0.0 100.0
12                         33  0.0 100.0
13                         13  0.0 100.0
14                          2  0.0 100.0
15                          2  0.0 100.0
18                          1  0.0 100.0

#data row_jump_data=>[qw(1 2 3 4 5 6 7 8 9 10 11 12 13 14 15 18)],
#data row_jump_frequency=>[0.687,0.155,0.098,0.027,0.022,0.005,0.004,0.001,0.001,0.000,0.000,0.000,0.000,0.000,0.000,0.000],
#data row_jump_cumulative=>[0.687,0.842,0.940,0.967,0.989,0.994,0.998,0.999,1.000,1.000,1.000,1.000,1.000,1.000,1.000,1.000],

corpus character frequency
------------------------------------------------------------
e                      275191 12.1  12.1
t                      209773  9.2  21.2
a                      188443  8.3  29.5
o                      181818  8.0  37.5
n                      157871  6.9  44.4
i                      156719  6.9  51.2
h                      147054  6.4  57.7
s                      137139  6.0  63.7
r                      121565  5.3  69.0
d                      109238  4.8  73.8
l                       90567  4.0  77.8
u                       67203  2.9  80.7
w                       62276  2.7  83.4
m                       61691  2.7  86.1
y                       49469  2.2  88.3
g                       49108  2.2  90.5
c                       48352  2.1  92.6
f                       46786  2.0  94.6
b                       35121  1.5  96.2
p                       34620  1.5  97.7
k                       23202  1.0  98.7
v                       19682  0.9  99.6
j                        4159  0.2  99.7
x                        2937  0.1  99.9
q                        2077  0.1 100.0
z                         989  0.0 100.0

#data character_frequency_data=>[qw(e t a o n i h s r d l u w m y g c f b p k v j x q z)],
#data character_frequency_frequency=>[0.121,0.092,0.083,0.080,0.069,0.069,0.064,0.060,0.053,0.048,0.040,0.029,0.027,0.027,0.022,0.022,0.021,0.020,0.015,0.015,0.010,0.009,0.002,0.001,0.001,0.000],
#data character_frequency_cumulative=>[0.121,0.212,0.295,0.375,0.444,0.512,0.577,0.637,0.690,0.738,0.778,0.807,0.834,0.861,0.883,0.905,0.926,0.946,0.962,0.977,0.987,0.996,0.997,0.999,1.000,1.000],
