Keyboard effort
------------------------------------------------------------
k1                      0.960 18.7  18.7
k1,k2                   1.224  5.1  23.9
k1,k2,k3                1.266  0.8  24.7
k1,k2,k3,w(h)           1.266  0.0  24.7
k1,k2,k3,w(h,r)         1.719  8.8  33.6
k1,k2,k3,w(h,r,f)       2.572 16.6  50.2
k1,k2,k3,w(h,r,f),k4    5.124 49.8 100.0

keyboard row frequency
------------------------------------------------------------
1                     2035482 22.2  22.2
2                     5772893 63.1  85.3
3                     1342790 14.7 100.0

#data row_data=>[qw(1 2 3)],
#data row_frequency=>[0.222,0.631,0.147],
#data row_cumulative=>[0.222,0.853,1.000],

keyboard hand frequency
------------------------------------------------------------
0                     4233317 46.3  46.3
1                     4917848 53.7 100.0

#data hand_data=>[qw(0 1)],
#data hand_frequency=>[0.463,0.537],
#data hand_cumulative=>[0.463,1.000],

keyboard finger frequency
------------------------------------------------------------
0                      415916  4.5   4.5
1                      805304  8.8  13.3
2                     1045078 11.4  24.8
3                     1967019 21.5  46.3
6                     2614079 28.6  74.8
7                     1490569 16.3  91.1
8                      657326  7.2  98.3
9                      155874  1.7 100.0

#data finger_data=>[qw(0 1 2 3 6 7 8 9)],
#data finger_frequency=>[0.045,0.088,0.114,0.215,0.286,0.163,0.072,0.017],
#data finger_cumulative=>[0.045,0.133,0.248,0.463,0.748,0.911,0.983,1.000],

keyboard left hand run length
------------------------------------------------------------
1                     1501826 56.6  56.6
2                      764118 28.8  85.3
3                      245939  9.3  94.6
4                       92063  3.5  98.1
5                       32504  1.2  99.3
6                       11993  0.5  99.7
7                        4123  0.2  99.9
8                        1524  0.1 100.0
9                         632  0.0 100.0
10                        227  0.0 100.0
11                         93  0.0 100.0
12                         21  0.0 100.0
13                         17  0.0 100.0
14                          4  0.0 100.0
15                          3  0.0 100.0
16                          3  0.0 100.0
17                          1  0.0 100.0
18                          1  0.0 100.0
19                          1  0.0 100.0

#data left_hand_run_data=>[qw(1 2 3 4 5 6 7 8 9 10 11 12 13 14 15 16 17 18 19)],
#data left_hand_run_frequency=>[0.566,0.288,0.093,0.035,0.012,0.005,0.002,0.001,0.000,0.000,0.000,0.000,0.000,0.000,0.000,0.000,0.000,0.000,0.000],
#data left_hand_run_cumulative=>[0.566,0.853,0.946,0.981,0.993,0.997,0.999,1.000,1.000,1.000,1.000,1.000,1.000,1.000,1.000,1.000,1.000,1.000,1.000],

keyboard right hand run length
------------------------------------------------------------
1                     1270168 47.8  47.8
2                      736994 27.8  75.6
3                      371577 14.0  89.6
4                      158966  6.0  95.6
5                       69972  2.6  98.2
6                       27588  1.0  99.3
7                       11169  0.4  99.7
8                        4961  0.2  99.9
9                        2021  0.1  99.9
10                        923  0.0 100.0
11                        388  0.0 100.0
12                        194  0.0 100.0
13                         78  0.0 100.0
14                         48  0.0 100.0
15                         22  0.0 100.0
16                         11  0.0 100.0
17                          5  0.0 100.0
18                          2  0.0 100.0
19                          1  0.0 100.0
20                          1  0.0 100.0
21                          1  0.0 100.0
22                          1  0.0 100.0
24                          1  0.0 100.0
30                          1  0.0 100.0

#data right_hand_run_data=>[qw(1 2 3 4 5 6 7 8 9 10 11 12 13 14 15 16 17 18 19 20 21 22 24 30)],
#data right_hand_run_frequency=>[0.478,0.278,0.140,0.060,0.026,0.010,0.004,0.002,0.001,0.000,0.000,0.000,0.000,0.000,0.000,0.000,0.000,0.000,0.000,0.000,0.000,0.000,0.000,0.000],
#data right_hand_run_cumulative=>[0.478,0.756,0.896,0.956,0.982,0.993,0.997,0.999,0.999,1.000,1.000,1.000,1.000,1.000,1.000,1.000,1.000,1.000,1.000,1.000,1.000,1.000,1.000,1.000],

keyboard hand run length
------------------------------------------------------------
1                     2771994 52.2  52.2
2                     1501112 28.3  80.5
3                      617516 11.6  92.1
4                      251029  4.7  96.8
5                      102476  1.9  98.8
6                       39581  0.7  99.5
7                       15292  0.3  99.8
8                        6485  0.1  99.9
9                        2653  0.0 100.0
10                       1150  0.0 100.0
11                        481  0.0 100.0
12                        215  0.0 100.0
13                         95  0.0 100.0
14                         52  0.0 100.0
15                         25  0.0 100.0
16                         14  0.0 100.0
17                          6  0.0 100.0
18                          3  0.0 100.0
19                          2  0.0 100.0
20                          1  0.0 100.0
21                          1  0.0 100.0
22                          1  0.0 100.0
24                          1  0.0 100.0
30                          1  0.0 100.0

#data all_hand_run_data=>[qw(1 2 3 4 5 6 7 8 9 10 11 12 13 14 15 16 17 18 19 20 21 22 24 30)],
#data all_hand_run_frequency=>[0.522,0.283,0.116,0.047,0.019,0.007,0.003,0.001,0.000,0.000,0.000,0.000,0.000,0.000,0.000,0.000,0.000,0.000,0.000,0.000,0.000,0.000,0.000,0.000],
#data all_hand_run_cumulative=>[0.522,0.805,0.921,0.968,0.988,0.995,0.998,0.999,1.000,1.000,1.000,1.000,1.000,1.000,1.000,1.000,1.000,1.000,1.000,1.000,1.000,1.000,1.000,1.000],

keyboard top row run length
------------------------------------------------------------
1                     1254161 76.1  76.1
2                      327574 19.9  95.9
3                       52875  3.2  99.2
4                       11112  0.7  99.8
5                        2088  0.1 100.0
6                         608  0.0 100.0
7                         136  0.0 100.0
8                          22  0.0 100.0
9                           4  0.0 100.0
12                          1  0.0 100.0
15                          1  0.0 100.0

#data t_row_run_data=>[qw(1 2 3 4 5 6 7 8 9 12 15)],
#data t_row_run_frequency=>[0.761,0.199,0.032,0.007,0.001,0.000,0.000,0.000,0.000,0.000,0.000],
#data t_row_run_cumulative=>[0.761,0.959,0.992,0.998,1.000,1.000,1.000,1.000,1.000,1.000,1.000],

keyboard home row run length
------------------------------------------------------------
1                     1149163 45.0  45.0
2                      538404 21.1  66.1
3                      336388 13.2  79.3
4                      230419  9.0  88.3
5                      126317  4.9  93.3
6                       72710  2.8  96.1
7                       41854  1.6  97.8
8                       24929  1.0  98.7
9                       13847  0.5  99.3
10                       8038  0.3  99.6
11                       4561  0.2  99.8
12                       2496  0.1  99.9
13                       1440  0.1  99.9
14                        808  0.0 100.0
15                        456  0.0 100.0
16                        288  0.0 100.0
17                        149  0.0 100.0
18                         98  0.0 100.0
19                         58  0.0 100.0
20                         27  0.0 100.0
21                         23  0.0 100.0
22                         10  0.0 100.0
23                          8  0.0 100.0
24                          3  0.0 100.0
25                          2  0.0 100.0
31                          1  0.0 100.0
36                          1  0.0 100.0

#data h_row_run_data=>[qw(1 2 3 4 5 6 7 8 9 10 11 12 13 14 15 16 17 18 19 20 21 22 23 24 25 31 36)],
#data h_row_run_frequency=>[0.450,0.211,0.132,0.090,0.049,0.028,0.016,0.010,0.005,0.003,0.002,0.001,0.001,0.000,0.000,0.000,0.000,0.000,0.000,0.000,0.000,0.000,0.000,0.000,0.000,0.000,0.000],
#data h_row_run_cumulative=>[0.450,0.661,0.793,0.883,0.933,0.961,0.978,0.987,0.993,0.996,0.998,0.999,0.999,1.000,1.000,1.000,1.000,1.000,1.000,1.000,1.000,1.000,1.000,1.000,1.000,1.000,1.000],

keyboard bottom row run length
------------------------------------------------------------
1                     1244566 93.9  93.9
2                       80811  6.1 100.0
3                         369  0.0 100.0
4                          25  0.0 100.0
5                           2  0.0 100.0
10                          4  0.0 100.0

#data b_row_run_data=>[qw(1 2 3 4 5 10)],
#data b_row_run_frequency=>[0.939,0.061,0.000,0.000,0.000,0.000],
#data b_row_run_cumulative=>[0.939,1.000,1.000,1.000,1.000,1.000],

keyboard row run length
------------------------------------------------------------
1                     3647890 66.0  66.0
2                      946789 17.1  83.1
3                      389632  7.0  90.2
4                      241556  4.4  94.6
5                      128407  2.3  96.9
6                       73318  1.3  98.2
7                       41990  0.8  99.0
8                       24951  0.5  99.4
9                       13851  0.3  99.7
10                       8042  0.1  99.8
11                       4561  0.1  99.9
12                       2497  0.0  99.9
13                       1440  0.0 100.0
14                        808  0.0 100.0
15                        457  0.0 100.0
16                        288  0.0 100.0
17                        149  0.0 100.0
18                         98  0.0 100.0
19                         58  0.0 100.0
20                         27  0.0 100.0
21                         23  0.0 100.0
22                         10  0.0 100.0
23                          8  0.0 100.0
24                          3  0.0 100.0
25                          2  0.0 100.0
31                          1  0.0 100.0
36                          1  0.0 100.0

#data all_row_run_data=>[qw(1 2 3 4 5 6 7 8 9 10 11 12 13 14 15 16 17 18 19 20 21 22 23 24 25 31 36)],
#data all_row_run_frequency=>[0.660,0.171,0.070,0.044,0.023,0.013,0.008,0.005,0.003,0.001,0.001,0.000,0.000,0.000,0.000,0.000,0.000,0.000,0.000,0.000,0.000,0.000,0.000,0.000,0.000,0.000,0.000],
#data all_row_run_cumulative=>[0.660,0.831,0.902,0.946,0.969,0.982,0.990,0.994,0.997,0.998,0.999,0.999,1.000,1.000,1.000,1.000,1.000,1.000,1.000,1.000,1.000,1.000,1.000,1.000,1.000,1.000,1.000],

keyboard finger run length
------------------------------------------------------------
1                     7023847 85.8  85.8
2                      961315 11.7  97.6
3                      160263  2.0  99.6
4                       27472  0.3  99.9
5                        7112  0.1 100.0
6                        1452  0.0 100.0
7                         372  0.0 100.0
8                         134  0.0 100.0
9                          42  0.0 100.0
10                         12  0.0 100.0
11                          6  0.0 100.0
12                          6  0.0 100.0
13                          1  0.0 100.0
20                          1  0.0 100.0
22                          1  0.0 100.0

#data finger_run_data=>[qw(1 2 3 4 5 6 7 8 9 10 11 12 13 20 22)],
#data finger_run_frequency=>[0.858,0.117,0.020,0.003,0.001,0.000,0.000,0.000,0.000,0.000,0.000,0.000,0.000,0.000,0.000],
#data finger_run_cumulative=>[0.858,0.976,0.996,0.999,1.000,1.000,1.000,1.000,1.000,1.000,1.000,1.000,1.000,1.000,1.000],

keyboard same-hand row jump length
------------------------------------------------------------
1                     5319690 74.9  74.9
2                     1205482 17.0  91.8
3                      374921  5.3  97.1
4                      135495  1.9  99.0
5                       42040  0.6  99.6
6                       18024  0.3  99.9
7                        6266  0.1 100.0
8                        2038  0.0 100.0
9                         709  0.0 100.0
10                        342  0.0 100.0
11                         98  0.0 100.0
12                         52  0.0 100.0
13                         16  0.0 100.0
14                          3  0.0 100.0
15                          4  0.0 100.0
16                          1  0.0 100.0
17                          1  0.0 100.0
18                          1  0.0 100.0
24                          1  0.0 100.0

#data row_jump_data=>[qw(1 2 3 4 5 6 7 8 9 10 11 12 13 14 15 16 17 18 24)],
#data row_jump_frequency=>[0.749,0.170,0.053,0.019,0.006,0.003,0.001,0.000,0.000,0.000,0.000,0.000,0.000,0.000,0.000,0.000,0.000,0.000,0.000],
#data row_jump_cumulative=>[0.749,0.918,0.971,0.990,0.996,0.999,1.000,1.000,1.000,1.000,1.000,1.000,1.000,1.000,1.000,1.000,1.000,1.000,1.000],

corpus character frequency
------------------------------------------------------------
e                     1189270 12.4  12.4
t                      857621  8.9  21.4
a                      772047  8.1  29.4
o                      743158  7.8  37.2
i                      664716  6.9  44.1
n                      659446  6.9  51.0
h                      601534  6.3  57.2
s                      600522  6.3  63.5
r                      551354  5.8  69.3
d                      428936  4.5  73.7
l                      395151  4.1  77.9
u                      278222  2.9  80.8
m                      257890  2.7  83.5
w                      230357  2.4  85.9
c                      228885  2.4  88.2
f                      208786  2.2  90.4
y                      202083  2.1  92.5
g                      192882  2.0  94.5
p                      158583  1.7  96.2
b                      149480  1.6  97.8
v                       91308  1.0  98.7
k                       78419  0.8  99.5
j                       14421  0.2  99.7
x                       14308  0.1  99.8
q                       10285  0.1  99.9
z                        6129  0.1 100.0

#data character_frequency_data=>[qw(e t a o i n h s r d l u m w c f y g p b v k j x q z)],
#data character_frequency_frequency=>[0.124,0.089,0.081,0.078,0.069,0.069,0.063,0.063,0.058,0.045,0.041,0.029,0.027,0.024,0.024,0.022,0.021,0.020,0.017,0.016,0.010,0.008,0.002,0.001,0.001,0.001],
#data character_frequency_cumulative=>[0.124,0.214,0.294,0.372,0.441,0.510,0.572,0.635,0.693,0.737,0.779,0.808,0.835,0.859,0.882,0.904,0.925,0.945,0.962,0.978,0.987,0.995,0.997,0.998,0.999,1.000],

